###
# OLIMEX SHIELD-EKG-EMG Data Recording
# Writtent by: Daniel C. Sweeney (v0.1)
# Filename: ./rawData_2018-03-30_1.dat
# Sampling Rate: 100 Hz
# No. Samples: 987
# Date: 2018-03-30 12:35
###
457
455
478
475
476
484
475
480
487
501
509
501
504
504
487
493
491
502
498
510
502
515
514
517
513
531
527
517
495
509
494
488
492
502
503
494
498
634
870
928
724
490
401
397
426
412
425
457
442
456
470
463
476
482
498
503
514
527
543
574
570
561
571
543
516
497
474
473
467
485
455
456
480
492
499
491
500
495
502
504
508
526
511
495
488
499
496
504
505
509
547
504
491
503
526
517
535
534
511
499
486
494
499
492
506
511
481
540
751
947
843
589
429
396
407
426
409
418
429
439
465
468
470
468
488
491
492
525
530
551
556
563
564
546
535
496
471
481
469
458
462
470
473
462
478
490
487
489
488
502
497
484
491
489
503
502
499
500
490
502
496
504
512
503
529
520
531
530
530
512
515
510
490
493
499
490
498
476
600
829
954
797
521
406
383
413
413
427
442
440
448
460
472
476
482
493
499
513
539
545
559
571
576
558
539
513
499
480
454
450
455
444
453
461
469
481
481
490
476
487
481
489
503
494
483
480
483
491
492
502
517
498
496
510
511
534
528
510
498
495
486
484
497
497
488
485
492
668
882
854
607
402
380
409
439
445
422
449
451
456
472
490
475
488
497
503
524
560
573
574
575
567
542
525
492
462
457
450
437
448
450
463
459
478
470
485
492
491
491
488
477
489
505
473
490
489
490
502
494
501
515
505
506
522
520
490
498
509
475
481
478
489
487
483
544
780
928
814
530
410
394
408
425
423
447
448
452
469
467
478
499
500
492
524
526
545
567
579
573
583
542
502
493
478
470
462
454
444
473
448
464
464
484
485
475
497
490
484
486
489
480
468
468
493
496
513
481
490
513
506
516
516
496
494
480
477
477
480
477
478
491
505
686
899
856
613
408
385
376
400
410
401
421
448
452
453
458
486
483
489
498
531
525
551
560
559
544
537
521
500
480
455
461
436
453
445
464
458
491
469
472
474
478
501
498
515
503
484
484
496
500
494
500
524
495
486
501
520
539
525
537
491
485
486
488
495
507
480
483
476
611
853
935
736
461
360
367
370
379
396
408
395
410
428
444
451
470
475
480
491
520
540
563
568
560
546
529
513
493
468
465
458
441
451
458
459
468
477
469
467
476
472
478
477
483
503
465
461
455
464
465
479
475
504
502
517
497
491
491
487
476
471
474
491
493
471
506
696
900
856
603
402
383
386
421
414
416
426
436
443
456
458
474
474
484
487
505
536
557
569
565
568
548
523
484
470
455
458
428
463
459
477
484
496
513
511
505
517
529
531
544
538
532
527
528
542
546
554
560
583
554
532
579
630
618
630
619
625
643
627
648
817
1023
1000
746
541
497
504
518
527
532
534
541
556
561
559
564
574
572
589
596
611
621
641
623
626
603
565
553
524
504
500
498
509
495
489
512
518
510
526
551
539
527
532
529
532
519
533
553
547
530
540
554
563
554
546
537
534
497
491
463
469
478
461
438
513
745
887
758
499
359
342
387
365
383
391
389
402
419
424
430
435
468
460
465
487
509
518
525
534
531
500
484
458
440
421
427
430
431
440
442
446
459
482
467
475
467
483
483
485
478
495
478
473
472
485
476
486
492
499
520
518
493
487
477
461
476
483
471
482
474
481
596
816
924
764
489
386
367
376
388
393
425
423
429
452
459
461
473
495
500
510
535
545
560
576
571
556
544
522
499
486
481
477
493
482
485
476
482
492
498
494
506
501
503
502
492
509
515
505
490
501
508
510
513
524
529
512
514
513
541
544
516
509
500
486
488
495
503
503
473
498
629
830
906
689
423
351
362
355
352
364
368
365
374
366
363
381
363
351
390
381
403
335
311
296
271
267
246
244
232
234
241
258
274
302
331
343
379
402
419
413
423
454
415
388
360
359
340
341
341
358
356
357
376
365
376
403
409
396
385
404
373
381
388
410
421
421
433
552
763
870
690
439
380
373
402
433
432
442
448
474
470
506
520
527
533
554
564
591
598
613
642
637
623
601
571
559
545
531
529
551
545
541
553
557
569
582
589
581
592
581
597
603
605
591
601
595
596
599
611
602
616
601
618
621
634
632
645
601
590
598
582
584
609
592
599
594
676
887
1023
857
599
465
473
472
474
497
498
515
515
531
528
533
558
551
563
572
596
599
620
633
626
623
611
588
558
541
529
507
511
522
525
518
532
531
530
545
558
557
553
543
540
541
553
553
543
526
539
539
534
543
539
536
529
526
541
557
553
544
526
526
505
514
506
520
529
